107.889922
108.679989
109.516532
110.408843
111.366220
112.351480
113.438985
114.517195
115.651175
116.720090
117.826185
118.913690
119.954720
121.032930
122.213384
123.245119
124.462753
125.466604
126.609878
127.669498
128.738413
129.881688
130.894833
132.028813
133.116318
134.166643
135.272738
136.295178
137.419863
138.405124
139.436859
140.561544
141.621164
142.634310
143.666045
144.679191
145.822465
146.751956
147.876641
148.908376
150.023766
151.009027
152.115122
153.184037
154.225067
155.349752
156.400077
157.496877
158.630856
159.709066
160.750097
161.772537
162.887927
163.938252
164.914218
107.713318
108.512681
109.451467
110.473908
111.375514
112.360775
113.531934
114.656619
115.632585
116.785154
117.779710
119.025229
120.066259
121.200238
122.297038
123.347363
124.509228
125.643207
126.712122
127.808922
128.812773
129.946752
131.043552
132.177532
133.227857
134.324657
135.477226
136.555436
137.642941
138.721151
139.873720
140.933340
142.030140
143.136235
144.223740
145.246180
146.324390
147.504844
148.462221
149.614790
150.683705
151.734030
152.868010
153.871860
155.015135
156.102640
157.199440
158.240470
159.458104
160.489839
161.558754
162.627669
163.640815
164.653960
107.601779
108.577745
109.432878
110.455318
111.505643
112.518789
113.624884
114.703094
115.781304
116.961758
118.049263
119.201832
120.214978
121.395432
122.464347
123.533262
124.667241
125.745451
126.916610
127.985525
129.054441
130.188420
131.294515
132.419199
133.590358
134.640684
135.802548
136.899348
137.996148
139.148717
140.208337
141.360906
142.476296
143.666045
144.744255
145.841055
146.900675
147.978885
149.131454
150.228254
151.325054
152.431149
153.500064
154.578274
155.702958
156.836938
157.896558
158.974768
160.062273
161.196252
162.162923
163.250428
164.356523
107.601779
108.494091
109.535122
110.576152
111.626477
112.760457
113.792192
114.963351
116.078741
117.156951
118.263046
119.434205
120.438055
121.609215
122.752489
123.793519
124.890319
125.996414
127.083919
128.255078
129.296108
130.448678
131.545477
132.688752
133.794847
134.947416
136.174344
137.224670
138.423714
139.474039
140.793917
141.741998
142.903862
144.121496
145.246180
146.361570
147.551319
148.648119
149.661264
150.785949
151.919928
153.063203
154.141413
155.256803
156.297833
157.403928
158.435663
159.588232
160.694327
161.781832
162.832157
163.928957
107.583190
108.596335
109.646661
110.687691
111.793786
112.983535
114.033860
115.167839
116.255344
117.417208
118.514008
119.573628
120.716903
121.860177
122.938387
123.998007
125.122692
126.275261
127.353471
128.422386
129.565661
130.746115
131.861504
133.004779
134.185233
135.272738
136.425307
137.605761
138.739741
139.883015
141.091354
142.318283
143.415082
144.539767
145.710926
146.872790
147.904526
149.140749
150.237549
151.380823
152.468328
153.620898
154.699108
155.758728
156.874118
157.970917
159.049127
160.173812
161.233432
162.302347
163.408442
107.499535
108.679989
109.683840
110.836409
111.998274
113.095074
114.191873
115.335148
116.534192
117.593812
118.746381
119.833886
120.893506
122.036781
123.105696
124.248970
125.345770
126.396095
127.557959
128.682644
129.881688
130.959898
132.149647
133.274331
134.454785
135.570175
136.797104
137.958968
139.195191
140.301286
141.500330
142.662194
143.842648
145.060282
146.175672
147.318946
148.490105
149.605495
150.720885
151.892044
152.979549
154.039169
155.145264
156.214179
157.292389
158.426368
159.523168
160.592083
161.642408
162.794978
107.611074
108.735759
109.823264
111.022308
112.119108
113.299562
114.470721
115.586110
116.664320
117.751825
118.932279
120.010489
121.144469
122.194794
123.365953
124.453458
125.559553
126.712122
127.864692
128.952196
130.132651
131.173681
132.400609
133.543884
134.696453
135.914087
137.103836
138.274995
139.464744
140.645198
141.825652
142.987516
144.195855
145.441374
146.528878
147.681448
148.880492
149.967997
151.148451
152.235956
153.332755
154.429555
155.600714
156.660335
157.729250
158.853934
159.913554
160.991764
162.116449
107.546010
108.791528
109.860444
111.171026
112.249236
113.383216
114.572965
115.781304
116.822334
117.965608
119.071703
120.149913
121.311777
122.380692
123.514672
124.583587
125.698977
126.823661
127.994820
129.091620
130.225600
131.452528
132.586508
133.739077
134.984596
136.155755
137.382683
138.618907
139.734296
140.970520
142.160269
143.350018
144.549062
145.748106
146.937855
148.071834
149.196519
150.339793
151.473773
152.607752
153.704552
154.829236
155.907446
157.004246
158.045277
159.160666
160.238876
161.335676
107.592485
108.791528
110.037047
111.143142
112.397955
113.476165
114.656619
115.818483
116.952463
118.021378
119.192537
120.214978
121.441906
122.445757
123.644801
124.704421
125.894170
126.916610
128.143539
129.231044
130.430088
131.573362
132.763111
133.915680
135.142609
136.267294
137.549992
138.786215
139.985259
141.193598
142.383347
143.638160
144.865089
145.999068
147.179522
148.350682
149.549725
150.674410
151.780505
152.840125
154.011284
155.098789
156.242063
157.283094
158.398483
159.318680
160.573493
107.685434
108.847298
110.092816
111.273270
112.435135
113.550524
114.721683
115.883548
117.008232
118.142212
119.331961
120.354401
121.488381
122.575886
123.681980
124.797370
125.949939
127.065329
128.217898
129.323993
130.597396
131.703491
132.893240
134.092284
135.309918
136.508961
137.708005
138.888459
140.254812
141.472445
142.569245
143.796174
145.088167
146.259326
147.384011
148.564465
149.726329
150.916078
151.994288
153.128267
154.206477
155.321867
156.409372
157.422517
158.510022
159.662592
107.657549
108.847298
110.074227
111.254681
112.435135
113.596999
114.721683
115.902138
116.989642
118.160802
119.201832
120.307927
121.451201
122.538706
123.663391
124.788075
125.931349
127.046739
128.245783
129.333288
130.495152
131.768555
132.958304
134.203823
135.374982
136.685565
137.838134
139.148717
140.329171
141.583984
142.764438
143.982072
145.274065
146.370865
147.653563
148.768953
149.940112
151.092681
152.198776
153.351345
154.410965
155.489175
156.576680
157.561941
158.658741
107.694729
108.884478
110.027752
111.236091
112.463019
113.615589
114.740273
115.911432
116.989642
118.105032
119.220422
120.298632
121.404726
122.548001
123.644801
124.778780
125.922055
127.037444
128.255078
129.435532
130.615986
131.768555
132.967599
134.138758
135.467931
136.685565
137.921788
139.158012
140.468595
141.695523
142.968926
144.149381
145.376309
146.566058
147.737217
148.899081
150.070241
151.176335
152.273135
153.388525
154.503915
155.591419
156.660335
157.645595
107.620369
108.875183
109.981277
111.171026
112.286416
113.504050
114.572965
115.762714
116.887398
117.984198
119.136768
120.214978
121.246713
122.399282
123.514672
124.695126
125.912760
126.972380
128.217898
129.342583
130.550922
131.731376
132.976894
134.222413
135.467931
136.722744
138.014737
139.278846
140.468595
141.732703
142.941042
144.130791
145.394899
146.621828
147.867346
149.010620
150.172485
151.241400
152.366084
153.472179
154.513209
155.619304
156.651040
107.564600
108.717169
109.888328
111.013013
112.249236
113.364626
114.517195
115.679060
116.720090
117.844774
118.978754
120.010489
121.200238
122.297038
123.440313
124.639356
125.661797
126.870136
128.078475
129.277518
130.485857
131.694196
132.967599
134.222413
135.412162
136.685565
137.968263
139.204486
140.487185
141.751293
143.015401
144.242330
145.487848
146.677597
147.867346
149.019915
150.144600
151.222810
152.366084
153.416410
154.485325
155.526355
107.471651
108.652105
109.730315
110.947948
112.035453
113.271677
114.303412
115.493161
116.562076
117.668171
118.783561
119.843181
120.986455
122.073960
123.217235
124.416279
125.522373
126.767892
127.966936
129.165979
130.383613
131.582657
132.856060
134.138758
135.347097
136.732039
137.931083
139.195191
140.515069
141.732703
142.913157
144.186560
145.394899
146.566058
147.811577
148.954851
150.070241
151.185630
152.338200
153.267691
154.420260
107.378702
108.531271
109.711725
110.752755
111.877440
113.011419
114.163989
115.279378
116.311114
117.435798
118.514008
119.647988
120.754083
121.860177
123.049926
124.174611
125.355065
126.507634
127.790332
128.980081
130.253484
131.508298
132.688752
133.999335
135.254148
136.583321
137.893904
139.092947
140.422120
141.676933
142.968926
144.167970
145.329835
146.538173
147.746512
148.871197
149.930817
151.055501
152.040762
153.128267
107.239278
108.382552
109.535122
110.594742
111.691542
112.825521
113.922321
115.000531
116.060151
117.194131
118.300225
119.378435
120.568184
121.730048
122.873323
123.998007
125.206346
126.414685
127.548664
128.840658
130.076881
131.322399
132.632982
133.887796
135.226263
136.462487
137.698710
139.111537
140.310581
141.611869
142.829503
144.000662
145.255475
146.398750
147.588499
148.648119
149.782098
150.795244
151.826979
107.071969
108.187359
109.228389
110.334484
111.421989
112.583853
113.624884
114.777453
115.809188
116.915283
118.049263
119.090293
120.252157
121.432611
122.575886
123.747045
124.973973
126.163722
127.418536
128.636169
129.909573
131.145796
132.409904
133.711192
135.049660
136.341653
137.605761
138.841985
140.171157
141.360906
142.671489
143.935598
145.004513
146.166377
147.346831
148.443631
149.475366
150.516396
106.988315
108.066525
109.070376
110.120701
111.226796
112.332891
113.318151
114.414951
115.576816
116.617846
117.733236
118.867215
120.019784
121.163059
122.324923
123.486787
124.769485
125.959234
127.102509
128.487451
129.686495
130.959898
132.261186
133.553179
134.789402
136.118575
137.401273
138.683971
140.022439
141.193598
142.420527
143.591686
144.753550
145.924709
146.993624
148.062539
148.964146
106.737353
107.741203
108.847298
109.879033
110.873589
111.970389
113.067189
114.136104
115.186429
116.301819
117.352144
118.606957
119.666578
120.921391
122.018191
123.226530
124.416279
125.652502
126.916610
128.152834
129.426237
130.718230
132.000928
133.357986
134.622094
135.904792
137.233965
138.460893
139.678527
140.896161
142.085910
143.247774
144.428228
145.590092
146.538173
147.579204
106.542159
107.546010
108.559156
109.618776
110.631921
111.654362
112.723277
113.838667
114.870402
116.032266
117.082592
118.290930
119.285486
120.596069
121.767228
122.994157
124.193201
125.373655
126.674943
127.957641
129.240339
130.560217
131.759260
133.051253
134.333952
135.653829
136.927233
138.228520
139.362500
140.598723
141.779178
142.866682
144.000662
145.050987
146.045543
106.356261
107.248573
108.271013
109.274864
110.288010
111.319745
112.397955
113.485460
114.628734
115.651175
116.868809
117.937724
119.025229
120.307927
121.497676
122.640950
123.914353
125.150577
126.479749
127.641614
129.007966
130.234895
131.545477
132.772406
134.092284
135.337802
136.620500
137.745185
139.037178
140.161863
141.333022
142.364757
143.452262
144.428228
106.040234
107.006905
107.964281
108.949542
109.990572
110.985128
112.044748
113.141548
114.191873
115.335148
116.422653
117.603107
118.783561
119.954720
121.163059
122.343513
123.626211
124.853139
126.173017
127.418536
128.645464
129.872393
131.266630
132.558623
133.785552
135.003185
136.211524
137.429158
138.581727
139.752886
140.803212
141.797767
142.848093
105.668437
106.560749
107.657549
108.587040
109.581596
110.585447
111.682247
112.732572
113.875846
114.963351
116.134510
117.222015
118.448944
119.675873
120.828442
122.064665
123.273004
124.509228
125.773336
127.083919
128.320142
129.574956
130.894833
132.140352
133.302216
134.566324
135.774663
136.936527
138.061212
139.102242
140.068913
141.147123
105.371000
106.198248
107.202098
108.178064
109.191210
110.269420
111.310450
112.370070
113.550524
114.600850
115.790599
116.961758
118.132917
119.276191
120.493825
121.730048
122.947682
124.090957
125.429424
126.749302
127.948346
129.212454
130.467267
131.703491
132.939714
134.129463
135.189084
136.295178
137.429158
138.349354
139.362500
104.906254
105.854336
106.765237
107.713318
108.735759
109.776789
110.854999
111.942504
113.048599
114.229053
115.335148
116.524897
117.742530
118.904395
120.131323
121.339662
122.585181
123.793519
125.057628
126.321736
127.585844
128.747708
129.956047
131.229450
132.335545
133.488114
134.603504
135.644534
136.639090
137.605761
104.460099
105.361705
106.337671
107.313637
108.298898
109.330633
110.473908
111.552118
112.704687
113.810782
115.019121
116.171690
117.333554
118.467534
119.722347
120.995750
122.194794
123.403133
124.564997
125.884875
127.139688
128.348027
129.463417
130.634576
131.796440
132.809586
133.906386
134.817287
135.802548
103.958173
104.887665
105.845041
106.895366
107.871332
108.903067
109.990572
111.143142
112.230647
113.401806
114.610144
115.781304
116.915283
118.132917
119.322666
120.586774
121.767228
122.984862
124.258265
125.355065
126.572699
127.762448
128.952196
130.021112
131.062142
132.121762
133.069843
134.036514
103.419068
104.255611
105.315231
106.272607
107.360112
108.373257
109.497942
110.631921
111.747311
112.899880
114.108219
115.260788
116.478422
117.649581
118.885805
120.056964
121.302482
122.529411
123.747045
124.815960
126.070773
127.121098
128.217898
129.286813
130.281369
131.192271
132.149647
102.833489
103.781570
104.636702
105.714912
106.737353
107.880627
108.986722
110.157881
111.282565
112.425840
113.643473
114.870402
116.050856
117.249900
118.448944
119.592218
120.763377
121.990306
123.142875
124.221085
125.410834
126.433275
127.502190
128.487451
129.426237
130.355728
102.108485
103.075156
104.013943
105.101448
106.142478
107.295047
108.391847
109.553711
110.789935
111.951799
113.169433
114.312707
115.483866
116.682910
117.826185
119.062408
120.159208
121.376842
122.520116
123.551852
124.667241
125.745451
126.637763
127.613729
128.487451
101.457841
102.396628
103.354004
104.469394
105.538309
106.635108
107.834152
108.996017
110.232240
111.375514
112.565263
113.801487
115.037711
116.115921
117.296375
118.458239
119.610808
120.679723
121.804408
122.854733
123.895763
124.843845
125.726861
126.591288
100.649184
101.615855
102.703360
103.707211
104.878370
106.096003
107.267163
108.382552
109.628071
110.762050
111.970389
113.085779
114.377772
115.567521
116.692205
117.779710
119.015934
119.973310
121.079404
122.073960
122.994157
123.905058
124.797370
99.803347
100.816492
101.903997
103.065862
104.125482
105.343115
106.542159
107.769088
109.014606
110.250830
111.310450
112.509494
113.736423
114.805338
115.967202
117.119771
118.197981
119.248306
120.242862
121.218828
122.101845
122.975567
98.911035
99.979950
101.086045
102.192140
103.474838
104.627407
105.854336
107.044085
108.205949
109.442172
110.696986
111.858850
112.974240
114.191873
115.270083
116.348293
117.361439
118.458239
119.369140
120.289337
121.209533
97.953659
99.050459
100.212323
101.402072
102.591821
103.818750
105.082858
106.244722
107.499535
108.679989
109.953393
111.068782
112.230647
113.383216
114.442836
115.521046
116.515602
117.565927
118.458239
119.285486
96.959103
98.139557
99.320011
100.519055
101.727394
102.963618
104.237021
105.482539
106.709468
107.852742
109.126145
110.353074
111.347630
112.537379
113.569114
114.647324
115.632585
116.627141
117.426503
95.945958
97.117117
98.316161
99.570974
100.909442
102.071306
103.400478
104.636702
105.872926
107.062674
108.233834
109.358518
110.585447
111.691542
112.741867
113.736423
114.675209
115.613995
94.895632
96.076086
97.330900
98.557828
99.868411
101.178994
102.508167
103.735095
104.887665
106.133183
107.313637
108.475501
109.646661
110.752755
111.747311
112.779046
113.717833
93.826717
95.044351
96.271280
97.656222
98.911035
100.258798
101.495021
102.749834
104.013943
105.240871
106.374851
107.564600
108.642810
109.776789
110.789935
111.840260
92.702033
94.012616
95.239544
96.578012
97.804940
99.208472
100.500465
101.764574
103.000797
104.227726
105.417475
106.588634
107.666844
108.763644
109.804674
91.595938
92.925111
94.161334
95.444032
96.828974
98.055903
99.385076
100.714248
101.969062
103.168106
104.385739
105.575488
106.755942
107.796973
90.508433
91.819016
93.064534
94.365822
95.722880
97.005578
98.371930
99.645333
100.928031
102.127075
103.335414
104.571638
105.714912
89.383748
90.610677
91.939850
93.278317
94.598195
95.945958
97.145001
98.436994
99.766167
101.095340
102.294384
103.428363
88.296244
89.504582
90.833755
92.051389
93.445626
94.719029
96.085381
97.405259
98.650777
99.952065
101.188289
87.273803
88.528616
89.718365
91.010358
92.227992
93.585049
94.914222
96.289869
97.461029
98.883150
86.279247
87.366752
88.584386
89.867084
91.149782
92.413890
93.696588
95.109415
96.410703
85.321871
86.427966
87.580535
88.770284
90.015803
91.279911
92.590494
93.975436
84.466739
85.452000
86.539505
87.654894
88.835349
90.118047
91.437924
83.704556
84.568983
85.507769
86.651044
87.747844
89.021247
83.053912
83.695261
84.587573
85.582129
86.688223
82.477627
83.026027
83.732441
84.680522
81.994292
82.310319
82.960963
81.641085
81.780509
81.455187
