99.11500000
99.71960000
100.32010000
100.93940000
101.55980000
102.13740000
102.78960000
103.39570000
104.07260000
104.64900000
105.26650000
105.86980000
106.54000000
107.22910000
107.86340000
108.42880000
109.07480000
109.66960000
110.35620000
110.79330000
111.56930000
112.30370000
112.64510000
113.55290000
114.19090000
114.78790000
115.41820000
116.17960000
116.82690000
117.47680000
118.23010000
118.75930000
119.42110000
119.94900000
120.59840000
121.36280000
122.02620000
122.68370000
123.29410000
123.86800000
124.69390000
125.34580000
125.82000000
126.53310000
127.24410000
127.86370000
128.55010000
129.10450000
129.81000000
130.47640000
131.13190000
131.77970000
132.44710000
133.07920000
133.73000000
101.25860000
101.79040000
102.51850000
103.10130000
103.75190000
104.28150000
104.89580000
105.57690000
106.20760000
106.77670000
107.47520000
108.06240000
108.68610000
109.31900000
109.97500000
110.50890000
111.27800000
111.95630000
112.58280000
113.10940000
113.77190000
114.42360000
115.16320000
115.66120000
116.29530000
116.83950000
117.65950000
118.24770000
118.94000000
119.66230000
120.16170000
120.85480000
121.42410000
121.96820000
122.62540000
123.53270000
123.97950000
124.67220000
125.42390000
126.09350000
126.66420000
127.43730000
128.11300000
128.56020000
129.16870000
129.98560000
130.53320000
131.19250000
131.83740000
132.52860000
133.16810000
133.80630000
134.49060000
135.08440000
103.19560000
104.12960000
104.54240000
105.21730000
105.68960000
106.08640000
106.82060000
107.89070000
108.24240000
108.95680000
109.29080000
110.23230000
110.77150000
111.53980000
111.99020000
112.91150000
113.26860000
113.96600000
114.62610000
115.19310000
115.81360000
116.18920000
117.13630000
117.52340000
118.37860000
118.95390000
119.58000000
120.24500000
121.20910000
121.90890000
122.35610000
122.73860000
123.55500000
124.28990000
124.89340000
125.56860000
126.12870000
126.92470000
127.23980000
128.13680000
128.81420000
129.16960000
129.97510000
130.62990000
131.19110000
131.98700000
132.54420000
133.30760000
133.89990000
134.35800000
135.23840000
135.80480000
136.45360000
105.38990000
105.89390000
106.57280000
107.32330000
107.93820000
108.56130000
108.93670000
109.68500000
110.47490000
111.04810000
111.41530000
112.42000000
113.08080000
113.44940000
114.11210000
114.92300000
115.55710000
116.36650000
116.37430000
117.25570000
118.20640000
118.57860000
119.31380000
120.16910000
120.09260000
120.90250000
121.57520000
122.47840000
123.26540000
123.92780000
124.26470000
124.49870000
125.68750000
126.31280000
126.89930000
127.73930000
128.28620000
128.47070000
129.28990000
130.03420000
130.77090000
131.10560000
131.72140000
132.36550000
133.11780000
134.01570000
134.09140000
135.29730000
135.72040000
136.15590000
136.81240000
137.31730000
106.84990000
108.01660000
108.62900000
109.05580000
109.90260000
109.77430000
110.22740000
111.87370000
111.98110000
113.21050000
114.02020000
114.43680000
114.63840000
115.57900000
115.54040000
116.58640000
117.06710000
117.67030000
118.58120000
119.65160000
119.62840000
119.84180000
121.45760000
122.27470000
122.32800000
123.58140000
123.78130000
123.63470000
124.64050000
125.82930000
126.22930000
127.11810000
127.49530000
128.04950000
128.44480000
128.94210000
130.44540000
130.31560000
130.77700000
131.49330000
131.94020000
133.18530000
133.23630000
134.43550000
134.84770000
135.51980000
136.40720000
136.98100000
137.51480000
138.59390000
138.57470000
108.79460000
109.96150000
111.05510000
110.51480000
111.63180000
111.99070000
112.67030000
113.61770000
114.34360000
114.56380000
115.14590000
116.60930000
115.51830000
117.17910000
119.17100000
118.54120000
118.31400000
120.11100000
121.00190000
120.37150000
120.97680000
122.43950000
122.99650000
123.93550000
124.65200000
125.35990000
125.15140000
125.58530000
127.04420000
126.85950000
128.34600000
129.39580000
129.54800000
130.32530000
130.23010000
131.61800000
131.60280000
132.00680000
132.91060000
133.92510000
134.96250000
134.56870000
135.22200000
135.66780000
135.70590000
136.89880000
137.77060000
137.68220000
138.94300000
139.74500000
111.05490000
111.77060000
111.91370000
112.10210000
113.68620000
114.43460000
114.99460000
115.40720000
116.06440000
117.06730000
116.85190000
118.11670000
118.18130000
119.66850000
119.99150000
120.27210000
121.31140000
121.06450000
122.12890000
123.39090000
123.36860000
124.80890000
124.16060000
124.68520000
126.25410000
126.40600000
127.57820000
127.64500000
127.90640000
129.52370000
129.87320000
129.41190000
130.80480000
131.39090000
132.23180000
132.82560000
133.21130000
134.13800000
134.63570000
134.82380000
135.31830000
136.64280000
137.13860000
137.43860000
137.57950000
139.21220000
139.76580000
139.58530000
140.04340000
112.78250000
113.69530000
113.00840000
115.44370000
114.06150000
116.69440000
116.34220000
116.93500000
117.08320000
118.37000000
119.20340000
119.35780000
120.64210000
120.73420000
121.75330000
122.21350000
123.00310000
123.17060000
124.34470000
125.14350000
124.99340000
125.00540000
125.77070000
126.48650000
127.48190000
129.56980000
129.19870000
129.89340000
129.79620000
129.86540000
131.12160000
132.48820000
133.10520000
132.55880000
133.15340000
134.09750000
134.65570000
134.59620000
136.30860000
136.68490000
137.57150000
138.03910000
137.90130000
139.18560000
139.76830000
138.86290000
141.15020000
141.12140000
114.51990000
114.77280000
115.14010000
114.41560000
116.33090000
117.67200000
118.19550000
118.74310000
119.48830000
120.65540000
121.20870000
121.65150000
121.80140000
123.57090000
122.60870000
123.70000000
123.39810000
125.64260000
125.41060000
125.48540000
125.97310000
127.62240000
127.90760000
129.26310000
128.85530000
130.28690000
130.95360000
130.88970000
131.59280000
132.32960000
133.40760000
133.16240000
133.79900000
134.51900000
134.90630000
134.61140000
136.90860000
135.99340000
137.12830000
137.36630000
138.46120000
139.13830000
138.91280000
140.47540000
141.83350000
142.17410000
142.07990000
115.54760000
115.56160000
117.84810000
118.69290000
117.57910000
119.74470000
120.06150000
120.08370000
120.64720000
121.47760000
122.52980000
121.86930000
122.84760000
124.02180000
124.13460000
124.73170000
125.22650000
126.23860000
126.29670000
127.53250000
127.63920000
128.79180000
130.18790000
129.54550000
130.56270000
131.48570000
131.13770000
132.13190000
132.63730000
132.92310000
134.65320000
133.70610000
136.05260000
136.08990000
135.62000000
137.73130000
137.15610000
138.94210000
138.91470000
139.12680000
139.44750000
140.19150000
140.38820000
141.59200000
142.14060000
141.97930000
117.13000000
117.65110000
118.60750000
120.24650000
119.91000000
119.41590000
121.15160000
122.10630000
122.14990000
123.64530000
124.67980000
123.47860000
124.69420000
124.73690000
125.94520000
127.93040000
127.14310000
128.04980000
128.99700000
129.45150000
129.11430000
130.43000000
131.96380000
129.73110000
132.35230000
133.17060000
132.41540000
134.74190000
134.02740000
134.32570000
134.76070000
135.94180000
135.82220000
137.06570000
138.28990000
138.72880000
138.38420000
139.00070000
139.72910000
141.05740000
141.22110000
141.92400000
142.59350000
142.46350000
142.97050000
120.01370000
119.36290000
120.74710000
121.21320000
121.22790000
120.96960000
123.15550000
122.96240000
122.95590000
124.84310000
124.09820000
126.44260000
127.07840000
125.83420000
126.76950000
127.22600000
129.05880000
129.45050000
130.26390000
129.88430000
131.30980000
131.18160000
132.67080000
132.51090000
132.81690000
133.52170000
134.57890000
133.44750000
135.63370000
136.44490000
136.99390000
137.64140000
137.01080000
138.96930000
139.66420000
139.49440000
139.07140000
140.18720000
139.64040000
141.39370000
141.52960000
142.57010000
143.98860000
142.83340000
120.56770000
120.06110000
121.62190000
122.09320000
123.17000000
122.29020000
123.63300000
124.58610000
123.41950000
124.88560000
126.02940000
126.13900000
127.51550000
128.50770000
127.65840000
128.53950000
130.38650000
129.07670000
130.66490000
130.69430000
131.85430000
132.63330000
132.89660000
134.41450000
134.38230000
134.66370000
135.04720000
135.51750000
137.04410000
136.89120000
137.60220000
137.36740000
138.79960000
139.88590000
138.32340000
141.37640000
142.05470000
141.62420000
141.38550000
142.11580000
143.53110000
142.50400000
143.91840000
121.07280000
121.79030000
123.14220000
122.71810000
125.53240000
121.87790000
124.52060000
124.26050000
125.90080000
126.72960000
126.90690000
127.00010000
127.63350000
129.47230000
129.07630000
128.33330000
130.86590000
130.78780000
131.40270000
133.47330000
131.83080000
132.76530000
134.55450000
135.64750000
136.01050000
135.60160000
136.05720000
136.40690000
137.14210000
138.00840000
138.64170000
139.41650000
140.31180000
139.69290000
140.37800000
140.67380000
142.37950000
141.17790000
142.65930000
143.49550000
144.14130000
143.63990000
121.36760000
123.44830000
123.10470000
123.04130000
126.18840000
126.19720000
127.60900000
125.63480000
126.31830000
126.80200000
128.61430000
129.23930000
129.87840000
129.30790000
129.95180000
132.67210000
130.80780000
131.95730000
131.60540000
133.18830000
133.11530000
132.86420000
134.60460000
135.60070000
136.06180000
135.69620000
136.07650000
137.27020000
138.03120000
138.52220000
139.42760000
139.51060000
140.81860000
140.78030000
140.64840000
141.65630000
142.51970000
142.84640000
143.95930000
143.35660000
144.06850000
123.52730000
124.28680000
123.09340000
124.23610000
124.19900000
125.21350000
126.78020000
128.25510000
127.79570000
129.65250000
129.79010000
129.58800000
132.03770000
131.69980000
130.32690000
131.99660000
132.45090000
131.48830000
135.38180000
133.74130000
134.02400000
135.84360000
135.87570000
135.24070000
136.40060000
136.41300000
137.54570000
138.30550000
139.24160000
139.13540000
138.46340000
139.96520000
140.69860000
141.13080000
142.51850000
142.65270000
143.92340000
144.31470000
144.00710000
144.58300000
125.49800000
125.26260000
124.11540000
124.79270000
127.32120000
128.26370000
127.39050000
128.20690000
128.17020000
128.29280000
128.95680000
130.55950000
130.96500000
130.89220000
132.28360000
132.96630000
133.07610000
134.74130000
133.23040000
134.99520000
134.22980000
135.50050000
135.94730000
137.25220000
139.16510000
136.57190000
137.66350000
137.33190000
138.14130000
138.51990000
139.95910000
138.82620000
141.08040000
142.77410000
141.82480000
143.09020000
143.68110000
143.36580000
143.80390000
124.02620000
125.12190000
126.68520000
126.51480000
128.01950000
126.87880000
129.20630000
128.79110000
129.00550000
130.99670000
128.99900000
130.66040000
130.74300000
131.47460000
132.66690000
133.47220000
133.63090000
134.88160000
135.58350000
136.46160000
135.85510000
136.00390000
136.73480000
136.24670000
137.17840000
137.46050000
139.46640000
138.19550000
139.17510000
139.76600000
140.96280000
143.01460000
143.30490000
141.43330000
142.66740000
144.25680000
144.51290000
144.39030000
124.97550000
126.03460000
128.05070000
124.54770000
128.22160000
128.27700000
129.68810000
130.21340000
128.94420000
130.73350000
131.83230000
130.52170000
131.62740000
131.67310000
133.29130000
135.30700000
133.30960000
133.20530000
134.01370000
136.44690000
136.16010000
136.24880000
136.31450000
136.78880000
136.71090000
137.56210000
138.78380000
140.39810000
139.78460000
138.91910000
140.93160000
141.19260000
141.69430000
141.73530000
143.25120000
143.14130000
144.11800000
125.50860000
126.03110000
127.40960000
126.16770000
130.26910000
128.52460000
129.03060000
129.37070000
131.60890000
131.30240000
130.95090000
130.42810000
130.98120000
131.84240000
133.60050000
135.47340000
134.76790000
134.99350000
135.48390000
136.44850000
136.76080000
136.01480000
137.75980000
137.42530000
137.36950000
139.15700000
139.03780000
139.20680000
139.74960000
141.39430000
140.98770000
141.03690000
139.83930000
142.35650000
144.09490000
141.80300000
125.54010000
128.18280000
127.20350000
129.08190000
126.93400000
129.47040000
131.21450000
128.67800000
131.02620000
130.41260000
130.84000000
130.60490000
131.61690000
134.92920000
133.22640000
132.78190000
133.45170000
135.68220000
134.22420000
135.47850000
135.95580000
138.57000000
136.18080000
137.24310000
138.85560000
138.23290000
138.60640000
139.10260000
141.95060000
141.20260000
141.09060000
141.74060000
141.98710000
140.42160000
142.66040000
127.08310000
128.26960000
127.09690000
129.88180000
129.68010000
131.13830000
129.68890000
129.12250000
130.62010000
130.29130000
130.95310000
130.77810000
132.97250000
133.84170000
134.17990000
134.22200000
132.79540000
135.16900000
137.05300000
136.77980000
135.46890000
137.19280000
136.22730000
137.75360000
139.28980000
138.16810000
139.27720000
140.59000000
139.90370000
139.36540000
140.97390000
141.64140000
140.52790000
142.63990000
126.68710000
127.05120000
129.64450000
129.57360000
128.85970000
129.70910000
128.86430000
130.95470000
131.02940000
132.08830000
131.54310000
133.05760000
134.18970000
133.87850000
133.06230000
132.80590000
135.37080000
135.16610000
136.70510000
135.35730000
135.64930000
137.68760000
136.75660000
139.47640000
137.96320000
138.43620000
139.21190000
139.87940000
139.93530000
139.16240000
139.73450000
140.45240000
142.35810000
125.35340000
130.10840000
126.91770000
126.70060000
128.75010000
129.26450000
129.71020000
130.24160000
132.83580000
130.18700000
132.84030000
132.75070000
130.32740000
132.77110000
133.91100000
134.45760000
136.24090000
132.87720000
135.64040000
136.37750000
139.04460000
138.75190000
135.19100000
138.08310000
138.72360000
137.81720000
138.38640000
139.47910000
139.22510000
140.33100000
141.37610000
140.35290000
128.42650000
127.14520000
128.72950000
128.79190000
128.77970000
130.09570000
129.24450000
130.02360000
131.76530000
130.47950000
132.70530000
131.33430000
132.28810000
133.57220000
134.37320000
133.34340000
134.82950000
134.08300000
136.85860000
136.13450000
135.67050000
135.99340000
138.16820000
136.58280000
137.56240000
137.77340000
138.94780000
139.16020000
139.50950000
137.98700000
139.75620000
127.04950000
127.06900000
126.83930000
128.28400000
127.14480000
128.31770000
127.89670000
129.83260000
129.03400000
131.14370000
130.82070000
132.64630000
131.46110000
131.27730000
132.70250000
133.25460000
134.25270000
136.50940000
134.01720000
136.46050000
135.21150000
136.04700000
136.12340000
138.66850000
137.33390000
136.37410000
136.41500000
137.63850000
139.24810000
138.08150000
126.76070000
126.33910000
126.60450000
128.03310000
127.93190000
129.13070000
130.74250000
128.87800000
131.80430000
130.50010000
129.14620000
131.57680000
130.82980000
131.77120000
136.31950000
132.27040000
132.82070000
133.32950000
134.74210000
135.56250000
133.69180000
136.74270000
133.92650000
135.80850000
135.98020000
136.28680000
138.97830000
136.46340000
138.28640000
123.69290000
127.91090000
125.72890000
127.93660000
129.50820000
129.39540000
129.10170000
128.95170000
128.56220000
130.55640000
131.88760000
129.82930000
132.16890000
130.74920000
133.23520000
132.10650000
132.11460000
134.42450000
133.80730000
133.63050000
133.85160000
134.12310000
135.76090000
136.37190000
137.64970000
136.12040000
136.26000000
134.41350000
126.55170000
126.41790000
127.16050000
128.06480000
127.07330000
129.05200000
128.61680000
129.13860000
128.83140000
128.84600000
128.85080000
129.67320000
132.17860000
131.92650000
132.30730000
132.58150000
131.87060000
132.60550000
131.98860000
133.27760000
135.63270000
134.20230000
135.44310000
133.65270000
136.22460000
134.27590000
134.72930000
123.69130000
126.37650000
126.55950000
126.55340000
127.24260000
126.49960000
126.96720000
128.31550000
128.58140000
128.86200000
128.02840000
131.49330000
128.70640000
130.63030000
130.16230000
128.93680000
132.09100000
131.59040000
129.96070000
132.06800000
132.92870000
131.91690000
135.76110000
135.20960000
133.88590000
134.36440000
124.49760000
122.81880000
125.72400000
126.90010000
126.24450000
128.49930000
127.30020000
126.82260000
128.41000000
126.53360000
128.44010000
129.19400000
126.85890000
130.61970000
130.37890000
129.35970000
129.60830000
130.79020000
130.46420000
130.41050000
130.72130000
131.99730000
132.68600000
131.35610000
132.83590000
123.34190000
124.83640000
124.41140000
124.72900000
124.89840000
124.88560000
126.58680000
125.32430000
126.85060000
126.77770000
127.11500000
128.40300000
128.19780000
127.54860000
128.57620000
129.43210000
128.15190000
128.34850000
130.15420000
130.48050000
131.41930000
131.09230000
130.88330000
131.38360000
122.31410000
123.93990000
124.57380000
123.84330000
124.84080000
123.70470000
126.49220000
124.73680000
125.60300000
125.64240000
127.47500000
126.58210000
125.00240000
125.88720000
127.74100000
127.88930000
127.79470000
128.11690000
128.98170000
128.24150000
129.30440000
129.40900000
128.88270000
122.84140000
123.03390000
123.14380000
123.89610000
123.22350000
122.87460000
124.46560000
123.10710000
124.82000000
124.51380000
125.16160000
124.28380000
126.09000000
125.34980000
125.24750000
126.65730000
127.07900000
127.54880000
126.89750000
127.67530000
126.80100000
129.41400000
119.87070000
123.84400000
121.21230000
121.09240000
122.42680000
122.25110000
123.05140000
123.98440000
124.76610000
123.69040000
125.08880000
124.15040000
123.11600000
124.81300000
125.81320000
126.18400000
124.49400000
124.03230000
125.21690000
126.11590000
126.03180000
120.67420000
120.31120000
120.28630000
121.04480000
120.08180000
122.12260000
119.97330000
121.48140000
122.63690000
122.09820000
121.18740000
122.82470000
122.30850000
122.71710000
124.71250000
122.53370000
124.36750000
123.80590000
124.38890000
124.71670000
119.20670000
120.44910000
118.18400000
117.86670000
118.34910000
120.24110000
119.87730000
119.29290000
121.97700000
121.48090000
121.42010000
120.34540000
121.65860000
121.28570000
122.17750000
120.12850000
122.10930000
121.37900000
123.85450000
116.86870000
118.34340000
119.04170000
117.59240000
118.28630000
118.97400000
119.07410000
117.99600000
119.96220000
119.59330000
118.72640000
120.07500000
119.82020000
119.04690000
120.11260000
120.73700000
121.49290000
120.65310000
115.22220000
115.73990000
116.22250000
116.82360000
116.85480000
117.13830000
118.36530000
117.31100000
116.85010000
117.03230000
116.39100000
117.10480000
118.07570000
117.47240000
119.15700000
118.00210000
117.74050000
115.41980000
115.23310000
115.02860000
115.55690000
114.63900000
116.10220000
115.04690000
116.76270000
115.78700000
116.16480000
115.35580000
115.74200000
116.08790000
117.15330000
116.26680000
116.91430000
112.94640000
112.33950000
112.63530000
112.50040000
112.76290000
114.10200000
113.32280000
113.67520000
114.26620000
113.71850000
114.48970000
113.43920000
113.54160000
114.51100000
115.28310000
111.54650000
110.25690000
110.88620000
111.08100000
111.03120000
111.83890000
111.81370000
111.59620000
110.94630000
113.32040000
111.31570000
111.77750000
112.53740000
111.51570000
109.46910000
109.42690000
109.32600000
109.75490000
109.96770000
109.87700000
109.59610000
110.41960000
109.57870000
110.29610000
110.11350000
110.20850000
109.12130000
108.55390000
107.28780000
107.88140000
106.96960000
107.60240000
106.92160000
107.69830000
107.68950000
107.44900000
108.02330000
108.28990000
108.46560000
106.52950000
104.87250000
105.13450000
105.56540000
105.79390000
104.94190000
104.04610000
106.14450000
105.49790000
104.92190000
105.31260000
103.67920000
102.78360000
103.07750000
102.77420000
104.34910000
103.15090000
103.01660000
103.06630000
103.62530000
103.00250000
102.03070000
100.75070000
101.82940000
101.28450000
101.19800000
100.87820000
100.33840000
100.08150000
100.83700000
99.49640000
99.12870000
98.39330000
98.54540000
98.89850000
98.35840000
97.99010000
98.31420000
96.92320000
97.40650000
96.61250000
96.51960000
95.76370000
95.54180000
95.64100000
94.43860000
94.08600000
94.44550000
93.74930000
94.22670000
93.11930000
92.03950000
91.98190000
91.47990000
91.40550000
90.55320000
89.39420000
89.11810000
88.72930000
88.42190000
86.95660000
86.48450000
86.19610000
84.13880000
83.71540000
81.35400000
